FA Information:
Number of symbols: 3
Symbols: ['a', 'b', 'c']
Number of initial states: 1
Initial states: ['1']
Number of final states: 1
Final states: ['1']
Transitions: {'0': {'a': ['3'], 'b': ['1'], 'c': ['3']}, '3': {'a': ['3'], 'b': ['3'], 'c': ['3']}, '1': {'a': ['0'], 'b': ['2'], 'c': []}, '2': {'a': ['1'], 'b': ['4'], 'c': ['4']}, '4': {'a': ['4'], 'b': ['4'], 'c': ['4']}}

+------+---+----+----+----+
|      |   | a  | b  | c  |
+------+---+----+----+----+
|      | 0 | 3  | 1  | 3  |
+------+---+----+----+----+
|      | 3 | 3  | 3  | 3  |
+------+---+----+----+----+
| <--> | 1 | 0  | 2  | -- |
+------+---+----+----+----+
|      | 2 | 1  | 4  | 4  |
+------+---+----+----+----+
|      | 4 | 4  | 4  | 4  |
+------+---+----+----+----+

+------+---------+---------+---------+-------+
|      |         |    a    |    b    |   c   |
+------+---------+---------+---------+-------+
| <--> |    1    |   0|1   |   1|2   |   1   |
+------+---------+---------+---------+-------+
|  <-  |   0|1   |  0|1|3  |   1|2   |  1|3  |
+------+---------+---------+---------+-------+
|  <-  |   1|2   |   0|1   |  1|2|4  |  1|4  |
+------+---------+---------+---------+-------+
|  <-  |  0|1|3  |  0|1|3  |  1|2|3  |  1|3  |
+------+---------+---------+---------+-------+
|  <-  |   1|3   |  0|1|3  |  1|2|3  |  1|3  |
+------+---------+---------+---------+-------+
|  <-  |  1|2|4  |  0|1|4  |  1|2|4  |  1|4  |
+------+---------+---------+---------+-------+
|  <-  |   1|4   |  0|1|4  |  1|2|4  |  1|4  |
+------+---------+---------+---------+-------+
|  <-  |  1|2|3  |  0|1|3  | 1|2|3|4 | 1|3|4 |
+------+---------+---------+---------+-------+
|  <-  |  0|1|4  | 0|1|3|4 |  1|2|4  | 1|3|4 |
+------+---------+---------+---------+-------+
|  <-  | 1|2|3|4 | 0|1|3|4 | 1|2|3|4 | 1|3|4 |
+------+---------+---------+---------+-------+
|  <-  |  1|3|4  | 0|1|3|4 | 1|2|3|4 | 1|3|4 |
+------+---------+---------+---------+-------+
|  <-  | 0|1|3|4 | 0|1|3|4 | 1|2|3|4 | 1|3|4 |
+------+---------+---------+---------+-------+
|      |    P    |    P    |    P    |   P   |
+------+---------+---------+---------+-------+

+------+-----------------------------------------------------------------+----------------------------------------------------------------------------+----------------------------------------------------------------------------+----------------------------------------------------------------------------+
|      |                                                                 |                                     a                                      |                                     b                                      |                                     c                                      |
+------+-----------------------------------------------------------------+----------------------------------------------------------------------------+----------------------------------------------------------------------------+----------------------------------------------------------------------------+
|  <-  | 1,0|1,1|2,0|1|3,1|3,1|2|4,1|4,1|2|3,0|1|4,1|2|3|4,1|3|4,0|1|3|4 | 1, 0|1, 1|2, 0|1|3, 1|3, 1|2|4, 1|4, 1|2|3, 0|1|4, 1|2|3|4, 1|3|4, 0|1|3|4 | 1, 0|1, 1|2, 0|1|3, 1|3, 1|2|4, 1|4, 1|2|3, 0|1|4, 1|2|3|4, 1|3|4, 0|1|3|4 | 1, 0|1, 1|2, 0|1|3, 1|3, 1|2|4, 1|4, 1|2|3, 0|1|4, 1|2|3|4, 1|3|4, 0|1|3|4 |
+------+-----------------------------------------------------------------+----------------------------------------------------------------------------+----------------------------------------------------------------------------+----------------------------------------------------------------------------+
|      |                                P                                |                                     P                                      |                                     P                                      |                                     P                                      |
+------+-----------------------------------------------------------------+----------------------------------------------------------------------------+----------------------------------------------------------------------------+----------------------------------------------------------------------------+