FA Information:
Number of symbols: 2
Symbols: ['a', 'b']
Number of initial states: 1
Initial states: ['1']
Number of final states: 2
Final states: ['0', '1']
Transitions: {'1': {'a': ['2'], 'b': []}, '2': {'a': ['3'], 'b': ['3']}, '3': {'a': ['4'], 'b': []}, '4': {'a': ['5'], 'b': ['5']}, '5': {'a': ['0'], 'b': []}, '0': {'a': ['2'], 'b': []}}


+------+---+----+----+
|      |   | a  | b  |
+------+---+----+----+
| <--> | 1 | 2  | -- |
+------+---+----+----+
|      | 2 | 3  | 3  |
+------+---+----+----+
|      | 3 | 4  | -- |
+------+---+----+----+
|      | 4 | 5  | 5  |
+------+---+----+----+
|      | 5 | 0  | -- |
+------+---+----+----+
|  <-  | 0 | 2  | -- |
+------+---+----+----+


+------+-------------+-------------+---------+
|      |             |      a      |    b    |
+------+-------------+-------------+---------+
| <--> |      1      |     1|2     |    1    |
+------+-------------+-------------+---------+
|  <-  |     1|2     |    1|2|3    |   1|3   |
+------+-------------+-------------+---------+
|  <-  |    1|2|3    |   1|2|3|4   |   1|3   |
+------+-------------+-------------+---------+
|  <-  |     1|3     |    1|2|4    |    1    |
+------+-------------+-------------+---------+
|  <-  |   1|2|3|4   |  1|2|3|4|5  |  1|3|5  |
+------+-------------+-------------+---------+
|  <-  |    1|2|4    |   1|2|3|5   |  1|3|5  |
+------+-------------+-------------+---------+
|  <-  |  1|2|3|4|5  | 0|1|2|3|4|5 |  1|3|5  |
+------+-------------+-------------+---------+
|  <-  |    1|3|5    |   0|1|2|4   |    1    |
+------+-------------+-------------+---------+
|  <-  |   1|2|3|5   |  0|1|2|3|4  |   1|3   |
+------+-------------+-------------+---------+
|  <-  | 0|1|2|3|4|5 | 0|1|2|3|4|5 | 0|1|3|5 |
+------+-------------+-------------+---------+
|  <-  |   0|1|2|4   |  0|1|2|3|5  | 0|1|3|5 |
+------+-------------+-------------+---------+
|  <-  |  0|1|2|3|4  | 0|1|2|3|4|5 | 0|1|3|5 |
+------+-------------+-------------+---------+
|  <-  |   0|1|3|5   |   0|1|2|4   |   0|1   |
+------+-------------+-------------+---------+
|  <-  |  0|1|2|3|5  |  0|1|2|3|4  |  0|1|3  |
+------+-------------+-------------+---------+
|  <-  |     0|1     |    0|1|2    |   0|1   |
+------+-------------+-------------+---------+
|  <-  |    0|1|3    |   0|1|2|4   |   0|1   |
+------+-------------+-------------+---------+
|  <-  |    0|1|2    |   0|1|2|3   |  0|1|3  |
+------+-------------+-------------+---------+
|  <-  |   0|1|2|3   |  0|1|2|3|4  |  0|1|3  |
+------+-------------+-------------+---------+
|      |      P      |      P      |    P    |
+------+-------------+-------------+---------+

+------+-------------------------------------------------------------------------------------------------------------------------------+------------------------------------------------------------------------------------------------------------------------------------------------+------------------------------------------------------------------------------------------------------------------------------------------------+
|      |                                                                                                                               |                                                                       a                                                                        |                                                                       b                                                                        |
+------+-------------------------------------------------------------------------------------------------------------------------------+------------------------------------------------------------------------------------------------------------------------------------------------+------------------------------------------------------------------------------------------------------------------------------------------------+
|  <-  | 1,1|2,1|2|3,1|3,1|2|3|4,1|2|4,1|2|3|4|5,1|3|5,1|2|3|5,0|1|2|3|4|5,0|1|2|4,0|1|2|3|4,0|1|3|5,0|1|2|3|5,0|1,0|1|3,0|1|2,0|1|2|3 | 1, 1|2, 1|2|3, 1|3, 1|2|3|4, 1|2|4, 1|2|3|4|5, 1|3|5, 1|2|3|5, 0|1|2|3|4|5, 0|1|2|4, 0|1|2|3|4, 0|1|3|5, 0|1|2|3|5, 0|1, 0|1|3, 0|1|2, 0|1|2|3 | 1, 1|2, 1|2|3, 1|3, 1|2|3|4, 1|2|4, 1|2|3|4|5, 1|3|5, 1|2|3|5, 0|1|2|3|4|5, 0|1|2|4, 0|1|2|3|4, 0|1|3|5, 0|1|2|3|5, 0|1, 0|1|3, 0|1|2, 0|1|2|3 |
+------+-------------------------------------------------------------------------------------------------------------------------------+------------------------------------------------------------------------------------------------------------------------------------------------+------------------------------------------------------------------------------------------------------------------------------------------------+
|      |                                                               P                                                               |                                                                       P                                                                        |                                                                       P                                                                        |
+------+-------------------------------------------------------------------------------------------------------------------------------+------------------------------------------------------------------------------------------------------------------------------------------------+------------------------------------------------------------------------------------------------------------------------------------------------+
